-7097 10162 12395 9185 -7227 11687 -9805 3923 10561 7840 -1330 7952 0 0 0 5705 0 0 6007 0 0 0 0 3386 7361 0 0 5905 9927 0 0 0 6904 0 15281 2883 0 0 11564 7788 6120 14470 3635 0
4999 -11402 12449 -7097 10162 12395 9185 -7227 11687 -9805 3923 10561 0 0 0 105 0 0 14864 0 2649 0 7744 8414 7630 0 0 0 7858 0 0 0 5084 0 12868 3633 0 0 19916 5983 12849 1660 1986 0
-3903 9898 10640 4999 -11402 12449 -7097 10162 12395 9185 -7227 11687 0 0 0 4994 0 0 6616 0 0 0 1549 1955 8355 0 0 5074 10529 0 0 0 5434 0 16367 2294 0 0 10795 8874 3631 13386 3521 0
3923 -5458 6721 -3903 9898 10640 4999 -11402 12449 -7097 10162 12395 0 0 0 1370 0 0 14583 0 3802 0 8301 8752 7297 0 0 1908 9523 0 0 0 4249 0 10756 4065 0 0 17047 4600 12665 420 3129 0
-4364 -933 4463 3923 -5458 6721 -3903 9898 10640 4999 -11402 12449 0 0 0 3514 0 0 10501 0 1168 0 3200 2341 11712 0 0 2292 11822 0 0 0 5574 0 17417 3030 0 0 12735 7440 4599 9699 6384 0
4254 7267 8421 -4364 -933 4463 3923 -5458 6721 -3903 9898 10640 0 0 0 2669 0 0 10566 0 1600 0 7224 7422 8021 0 0 7232 7489 0 0 0 5768 0 7943 3949 0 0 10184 6807 13028 1652 2666 0
-2990 -11188 11581 4254 7267 8421 -4364 -933 4463 3923 -5458 6721 0 0 0 3798 0 0 11527 0 608 0 1881 5516 10300 0 0 0 11028 0 0 0 5714 0 14988 3351 0 0 18284 6765 11322 8745 3889 0
723 10930 10954 -2990 -11188 11581 4254 7267 8421 -4364 -933 4463 0 0 0 1388 0 0 7206 0 2298 0 3611 4014 8866 0 0 6166 4591 0 0 0 6430 0 13471 2689 0 0 10878 10486 6587 9490 2800 0
1732 -6126 6366 723 10930 10954 -2990 -11188 11581 4254 7267 8421 0 0 0 4045 0 0 13120 0 4127 0 7151 6503 7990 0 0 1518 12428 0 0 0 3325 0 10748 3625 0 0 17487 4209 11707 3822 3524 0
-3377 -1912 3880 1732 -6126 6366 723 10930 10954 -2990 -11188 11581 0 0 0 1701 0 0 11661 0 2081 0 3296 3107 12323 0 0 2197 9644 0 0 0 6288 0 18155 3431 0 0 13144 7896 4612 8520 6863 0
3617 10623 11222 -3377 -1912 3880 1732 -6126 6366 723 10930 10954 0 0 0 4022 0 0 9016 0 0 0 6385 7026 6921 0 0 8598 8012 0 0 0 6195 0 6818 3682 0 0 9052 6664 13638 2734 1785 0
-2597 -17188 17383 3617 10623 11222 -3377 -1912 3880 1732 -6126 6366 0 0 0 3280 0 0 11880 0 0 0 787 6745 9437 0 0 0 10322 0 0 0 6240 0 16145 3394 0 0 21377 7119 13040 9462 2384 0
1097 19656 19687 -2597 -17188 17383 3617 10623 11222 -3377 -1912 3880 0 0 0 2335 0 0 4323 0 76 0 573 3110 5511 0 0 8320 2306 0 0 0 7131 0 14410 1686 0 0 10593 12248 4874 14228 0 0
-71 -17701 17702 1097 19656 19687 -2597 -17188 17383 3617 10623 11222 0 0 0 3447 0 0 13468 0 1172 0 5306 8987 4245 0 0 0 13329 0 0 0 4390 0 13510 3703 0 0 24317 2736 13979 5530 743 2289
84 12677 12677 -71 -17701 17702 1097 19656 19687 -2597 -17188 17383 0 0 0 2681 0 0 9360 0 0 0 1566 999 7089 0 0 5123 7351 0 0 0 5101 0 21198 1394 0 0 12364 10786 0 14146 2560 0
-1006 -6937 7010 84 12677 12677 -71 -17701 17702 1097 19656 19687 0 0 0 2305 1652 0 12670 0 1316 0 8963 10223 5205 0 0 649 13844 0 0 0 4586 0 10366 4675 0 0 16327 1695 13500 0 3341 0
