-0.154212341 0.220804036 0.269324839 0 0 9.99999997e-07 0 0 9.99999997e-07 0 0 9.99999997e-07 -0.153580898 0.221956077
0.108612679 -0.247742191 0.270504892 -0.154212341 0.220804036 0.269324839 0 0 9.99999997e-07 0 0 9.99999997e-07 0.11494488 -0.24477597
-0.084795408 0.215067118 0.231179863 0.108612679 -0.247742191 0.270504892 -0.154212341 0.220804036 0.269324839 0 0 9.99999997e-07 -0.0964301426 0.211287699
0.0852428749 -0.118585765 0.146044284 -0.084795408 0.215067118 0.231179863 0.108612679 -0.247742191 0.270504892 -0.154212341 0.220804036 0.269324839 0.0983376902 -0.112259501
-0.0948270634 -0.0202678386 0.0969688445 0.0852428749 -0.118585765 0.146044284 -0.084795408 0.215067118 0.231179863 0.108612679 -0.247742191 0.270504892 -0.104843038 -0.0262532776
0.0924259946 0.157902613 0.182963938 -0.0948270634 -0.0202678386 0.0969688445 0.0852428749 -0.118585765 0.146044284 -0.084795408 0.215067118 0.231179863 0.0973151311 0.164636838
-0.0649624169 -0.243096694 0.251626939 0.0924259946 0.157902613 0.182963938 -0.0948270634 -0.0202678386 0.0969688445 0.0852428749 -0.118585765 0.146044284 -0.0610953907 -0.250837127
0.0157050062 0.23748365 0.23800239 -0.0649624169 -0.243096694 0.251626939 0.0924259946 0.157902613 0.182963938 -0.0948270634 -0.0202678386 0.0969688445 0.00525464515 0.244133544
0.0376259349 -0.13310647 0.138322234 0.0157050062 0.23748365 0.23800239 -0.0649624169 -0.243096694 0.251626939 0.0924259946 0.157902613 0.182963938 0.0510020749 -0.135757314
-0.073371172 -0.0415363871 0.0843125135 0.0376259349 -0.13310647 0.138322234 0.0157050062 0.23748365 0.23800239 -0.0649624169 -0.243096694 0.251626939 -0.0855257521 -0.0423037907
0.07859613 0.230816901 0.243831486 -0.073371172 -0.0415363871 0.0843125135 0.0376259349 -0.13310647 0.138322234 0.0157050062 0.23748365 0.23800239 0.0839250797 0.235689558
-0.0564195104 -0.373472542 0.377710074 0.07859613 0.230816901 0.243831486 -0.073371172 -0.0415363871 0.0843125135 0.0376259349 -0.13310647 0.138322234 -0.0557269072 -0.384248882
0.0238402523 0.427091032 0.427755892 -0.0564195104 -0.373472542 0.377710074 0.07859613 0.230816901 0.243831486 -0.073371172 -0.0415363871 0.0843125135 0.0131492084 0.442375994
-0.00154235517 -0.384620637 0.384623736 0.0238402523 0.427091032 0.427755892 -0.0564195104 -0.373472542 0.377710074 0.07859613 0.230816901 0.243831486 0.0186440455 -0.393835659
0.00182965747 0.275441319 0.275447398 -0.00154235517 -0.384620637 0.384623736 0.0238402523 0.427091032 0.427755892 -0.0564195104 -0.373472542 0.377710074 -0.0202884264 0.27542583
-0.0218481459 -0.150737464 0.152312592 0.00182965747 0.275441319 0.275447398 -0.00154235517 -0.384620637 0.384623736 0.0238402523 0.427091032 0.427755892 -0.00252727671 -0.149824922
